ALPHA: 0.01
ELAPSED_TIME: '12:42:00.030447'
EMA_REWARD: 58.51340321485742
END_TIME: 08-30_10h-04m-55s
EPISODE: 300
EPISODE_REWARD: 64.96871347594424
EPS: 1.1920928955078125e-07
EPSILON: 0.001
GAMMA: 0.99
LEARNING_RATE: 0.0001
MAX_DONE: 20
MAX_STEP: 1000
SAMPLING_TIME: 0.08
START_TIME: 0829_21-22-55
SUFFIX: _r1_lr1e_4
