ALPHA: 0.01
ELAPSED_TIME: '0:32:05.620344'
EMA_REWARD: 32.050830594751666
END_TIME: 10-19_14h-10m-25s
EPISODE: 400
EPSILON: 0.001
GAMMA: 0.99
LEARNING_RATE: 0.00012
MAX_DONE: 20
MAX_STEP: 1000
SAMPLING_TIME: 0.04
START_TIME: 1019_13-38-20
SUFFIX: r1_12e-5
