ALPHA: 0.01
EMA_REWARD: 46.39560557686895
END_TIME: 12-02_10h-51m-11s
EPISODE: 3100
EPSILON: 0.001
GAMMA: 0.99
LEARNING_RATE: 0.00012
MAX_DONE: 20
MAX_STEP: 1000
SAMPLING_TIME: 0.04
START_TIME: 1126_18-08-36
SUFFIX: r1_12e-5
