ALPHA: 0.01
ELAPSED_TIME: '4:29:19.623452'
EMA_REWARD: 561.0517348386546
END_TIME: 08-25_21h-05m-44s
EPISODE: 3900
EPISODE_REWARD: 623.7155406131326
EPS: 1.1920928955078125e-07
EPSILON: 0.001
GAMMA: 0.99
LEARNING_RATE: 0.001
MAX_DONE: 20
MAX_STEP: 1000
SAMPLING_TIME: 0.08
START_TIME: 0825_16-36-25
SUFFIX: _r1_square
