ALPHA: 0.01
ELAPSED_TIME: '17:57:24.494323'
EMA_REWARD: 61.948860068663095
END_TIME: 09-16_14h-01m-01s
EPISODE: 700
EPSILON: 0.001
GAMMA: 0.99
LEARNING_RATE: 0.00015
MAX_DONE: 20
MAX_STEP: 1000
SAMPLING_TIME: 0.04
START_TIME: 0915_20-03-36
SUFFIX: r1_15e-5
