ALPHA: 0.01
ELAPSED_TIME: '17:03:21.733193'
EMA_REWARD: -899.1281088361523
END_TIME: 08-28_06h-57m-03s
EPISODE: 400
EPISODE_REWARD: -997.8724004030228
EPS: 1.1920928955078125e-07
EPSILON: 0.001
GAMMA: 0.99
LEARNING_RATE: 0.001
MAX_DONE: 20
MAX_STEP: 1000
SAMPLING_TIME: 0.08
START_TIME: 0827_13-53-42
SUFFIX: _r0
