ALPHA: 0.01
ELAPSED_TIME: 2 days, 20:24:40.744523
EMA_REWARD: 57.26320566936928
END_TIME: 09-27_15h-56m-36s
EPISODE: 1700
EPSILON: 0.001
GAMMA: 0.99
LEARNING_RATE: 0.00011
MAX_DONE: 20.0
MAX_STEP: 1000
SAMPLING_TIME: 0.04
START_TIME: 0924_19-31-55
SUFFIX: r1_12e-5
