ALPHA: 0.01
ELAPSED_TIME: '0:01:49.341015'
EMA_REWARD: 0.0
END_TIME: 07-29_20h-29m-32s
EPISODE: 1
EPS: 1.1920928955078125e-07
EPSILON: 0.001
GAMMA: 0.99
LEARNING_RATE: 0.001
MAX_STEP: 1000
START_TIME: 0729_20-27-43
self.EPISODE_REWARD: 0.0
