ALPHA: 0.01
ELAPSED_TIME: '0:02:09.505279'
EMA_REWARD: 0.3560643296310652
END_TIME: 08-25_17h-51m-39s
EPISODE: 1
EPISODE_REWARD: 0.38736893587029997
EPS: 1.1920928955078125e-07
EPSILON: 0.001
GAMMA: 0.99
LEARNING_RATE: 0.001
MAX_DONE: 20
MAX_STEP: 1000
SAMPLING_TIME: 0.08
START_TIME: 0825_17-49-29
SUFFIX: _test
