ALPHA: 0.01
ELAPSED_TIME: '17:18:07.134739'
EMA_REWARD: -899.1386858433514
END_TIME: 08-29_08h-47m-30s
EPISODE: 400
EPISODE_REWARD: -997.8849352002144
EPS: 1.1920928955078125e-07
EPSILON: 0.001
GAMMA: 0.99
LEARNING_RATE: 0.001
MAX_DONE: 20
MAX_STEP: 1000
SAMPLING_TIME: 0.08
START_TIME: 0828_15-29-22
SUFFIX: _r0
