ALPHA: 0.01
ELAPSED_TIME: '0:02:03.500882'
EMA_REWARD: 17.467362357781678
END_TIME: 08-26_17h-32m-11s
EPISODE: 1
EPISODE_REWARD: 19.41164568075328
EPS: 1.1920928955078125e-07
EPSILON: 0.001
GAMMA: 0.99
LEARNING_RATE: 0.001
MAX_DONE: 20
MAX_STEP: 1000
SAMPLING_TIME: 0.08
START_TIME: 0826_17-30-07
SUFFIX: _r1
