ALPHA: 0.01
ELAPSED_TIME: 4 days, 19:17:49.203975
EMA_REWARD: 83.13922388315866
END_TIME: 10-03_13h-38m-36s
EPISODE: 6500
EPSILON: 0.001
GAMMA: 0.99
LEARNING_RATE: 0.00012
MAX_DONE: 20.0
MAX_STEP: 1000
SAMPLING_TIME: 0.04
START_TIME: 0928_18-20-46
SUFFIX: r1_12e-5
