ALPHA: 0.01
ELAPSED_TIME: 6 days, 22:58:21.530723
EMA_REWARD: 73.48035867562153
END_TIME: 09-24_15h-18m-54s
EPISODE: 3800
EPSILON: 0.001
GAMMA: 0.99
LEARNING_RATE: 0.00012
MAX_DONE: 20.0
MAX_STEP: 1000
SAMPLING_TIME: 0.04
START_TIME: 0917_16-20-33
SUFFIX: r1_12e-5
