ALPHA: 0.01
ELAPSED_TIME: 1 day, 0:23:50.035072
EMA_REWARD: 57.66004839526057
END_TIME: 09-28_17h-18m-49s
EPISODE: 600
EPSILON: 0.001
GAMMA: 0.99
LEARNING_RATE: 0.00013
MAX_DONE: 20.0
MAX_STEP: 1000
SAMPLING_TIME: 0.04
START_TIME: 0927_16-54-59
SUFFIX: r1_12e-5
