ALPHA: 0.01
ELAPSED_TIME: '16:56:16.556633'
EMA_REWARD: 59.068886081198215
END_TIME: 08-27_12h-27m-19s
EPISODE: 400
EPISODE_REWARD: 65.59854554812773
EPS: 1.1920928955078125e-07
EPSILON: 0.001
GAMMA: 0.99
LEARNING_RATE: 0.001
MAX_DONE: 20
MAX_STEP: 1000
SAMPLING_TIME: 0.08
START_TIME: 0826_19-31-03
SUFFIX: _r1
