ALPHA: 0.01
ELAPSED_TIME: '2:28:06.747952'
EMA_REWARD: 87.27137830756756
END_TIME: 08-30_16h-23m-58s
EPISODE: 2200
EPISODE_REWARD: 112.32163472481184
EPS: 1.1920928955078125e-07
EPSILON: 0.001
GAMMA: 0.99
LEARNING_RATE: 0.001
MAX_DONE: 20
MAX_STEP: 1000
SAMPLING_TIME: 0.08
START_TIME: 0830_13-55-51
SUFFIX: r1
