ALPHA: 0.01
ELAPSED_TIME: '20:12:23.509730'
EMA_REWARD: -994.0667911608434
END_TIME: 09-14_10h-30m-13s
EPISODE: 800
EPSILON: 0.001
GAMMA: 0.99
LEARNING_RATE: 0.0001
MAX_DONE: 20
MAX_STEP: 1000
SAMPLING_TIME: 0.04
START_TIME: 0913_14-17-50
SUFFIX: r1_1e-4
