ALPHA: 0.01
ELAPSED_TIME: '9:41:51.364481'
EMA_REWARD: 67.90316512057838
END_TIME: 08-20_01h-20m-17s
EPISODE: 264
EPISODE_REWARD: 70.50534710008651
EPS: 1.1920928955078125e-07
EPSILON: 0.001
GAMMA: 0.99
LEARNING_RATE: 0.001
MAX_STEP: 1000
START_TIME: 0819_15-38-25
