ALPHA: 0.01
ELAPSED_TIME: '1:43:10.709352'
EMA_REWARD: 188.74295949067923
END_TIME: 08-30_18h-54m-14s
EPISODE: 1000
EPISODE_REWARD: 237.548865601628
EPS: 1.1920928955078125e-07
EPSILON: 0.001
GAMMA: 0.99
LEARNING_RATE: 0.001
MAX_DONE: 20
MAX_STEP: 1000
SAMPLING_TIME: 0.08
START_TIME: 0830_17-11-03
SUFFIX: r1
