ALPHA: 0.01
ELAPSED_TIME: 1 day, 18:27:23.036596
EMA_REWARD: 54.92125864428304
END_TIME: 09-01_11h-42m-00s
EPISODE: 1100
EPISODE_REWARD: 60.99238168820739
EPS: 1.1920928955078125e-07
EPSILON: 0.001
GAMMA: 0.99
LEARNING_RATE: 0.001
MAX_DONE: 20
MAX_STEP: 1000
SAMPLING_TIME: 0.08
START_TIME: 0830_17-14-36
SUFFIX: r1_1e-3
