ALPHA: 0.01
ELAPSED_TIME: '15:41:01.522448'
EMA_REWARD: 114.47813271089187
END_TIME: 10-19_15h-22m-02s
EPISODE: 12600
EPSILON: 0.001
GAMMA: 0.99
LEARNING_RATE: 0.00012
MAX_DONE: 20
MAX_STEP: 1000
SAMPLING_TIME: 0.04
START_TIME: 1018_23-41-01
SUFFIX: r1_12e-5
