ALPHA: 0.01
ELAPSED_TIME: '8:29:58.530368'
EMA_REWARD: 694.1422931011205
END_TIME: 08-25_00h-20m-00s
EPISODE: 7300
EPISODE_REWARD: 771.9743190262889
EPS: 1.1920928955078125e-07
EPSILON: 0.001
GAMMA: 0.99
LEARNING_RATE: 0.001
MAX_DONE: 20
MAX_STEP: 1000
SAMPLING_TIME: 0.08
START_TIME: 0824_15-50-01
SUFFIX: _test
