ALPHA: 0.01
ELAPSED_TIME: '22:42:38.805202'
EMA_REWARD: -999.8322829979898
END_TIME: 09-15_11h-47m-19s
EPISODE: 1000
EPSILON: 0.001
GAMMA: 0.99
LEARNING_RATE: 1.0e-05
MAX_DONE: 20
MAX_STEP: 1000
SAMPLING_TIME: 0.04
START_TIME: 0914_13-04-40
SUFFIX: r1_1e-5
