ALPHA: 0.01
ELAPSED_TIME: '19:31:34.203568'
EMA_REWARD: 156.41858265338254
END_TIME: 10-20_12h-34m-01s
EPISODE: 13800
EPSILON: 0.001
GAMMA: 0.99
LEARNING_RATE: 0.00012
MAX_DONE: 20
MAX_STEP: 1000
SAMPLING_TIME: 0.04
START_TIME: 1019_17-02-27
SUFFIX: r1_12e-5
