ALPHA: 0.01
ELAPSED_TIME: '0:06:58.447789'
EMA_REWARD: 555.3902791903465
END_TIME: 08-24_15h-48m-30s
EPISODE: 100
EPISODE_REWARD: 617.9396471192387
EPS: 1.1920928955078125e-07
EPSILON: 0.001
GAMMA: 0.99
LEARNING_RATE: 0.001
MAX_DONE: 20
MAX_STEP: 1000
SAMPLING_TIME: 0.08
START_TIME: 0824_15-41-32
SUFFIX: _test
