ALPHA: 0.01
ELAPSED_TIME: '7:21:37.441046'
EMA_REWARD: 44.388067160164034
END_TIME: 09-10_11h-09m-32s
EPISODE: 300
EPSILON: 0.001
GAMMA: 0.99
LEARNING_RATE: 0.001
MAX_DONE: 20
MAX_STEP: 1000
SAMPLING_TIME: 0.04
START_TIME: 0910_03-47-54
SUFFIX: r1_1e-3
