ALPHA: 0.01
ELAPSED_TIME: '1:13:57.833200'
EMA_REWARD: 42.151769630897704
END_TIME: 09-07_22h-36m-14s
EPISODE: 900
EPISODE_REWARD: 33.09510503589904
EPSILON: 0.001
GAMMA: 0.99
LEARNING_RATE: 0.0001
MAX_DONE: 20
MAX_STEP: 1000
SAMPLING_TIME: 0.08
START_TIME: 0907_21-22-17
SUFFIX: r1
