ALPHA: 0.01
ELAPSED_TIME: '0:24:49.277654'
EMA_REWARD: 8.74911720252768
END_TIME: 09-07_19h-20m-53s
EPISODE: 400
EPISODE_REWARD: 6.907937540527557
EPSILON: 0.001
GAMMA: 0.99
LEARNING_RATE: 0.001
MAX_DONE: 20
MAX_STEP: 1000
SAMPLING_TIME: 0.08
START_TIME: 0907_18-56-04
SUFFIX: r1
