ALPHA: 0.01
ELAPSED_TIME: 1 day, 15:43:29.785889
EMA_REWARD: 92.86502915948304
END_TIME: 08-15_08h-47m-22s
EPISODE: 806
EPISODE_REWARD: 105.24441315466709
EPS: 1.1920928955078125e-07
EPSILON: 0.001
GAMMA: 0.99
LEARNING_RATE: 0.001
MAX_STEP: 1000
START_TIME: 0813_17-03-52
