ALPHA: 0.01
ELAPSED_TIME: 1 day, 14:02:44.510193
EMA_REWARD: 119.50856350720807
END_TIME: 10-22_12h-01m-08s
EPISODE: 25500
EPSILON: 0.001
GAMMA: 0.99
LEARNING_RATE: 0.00012
MAX_DONE: 20
MAX_STEP: 1000
SAMPLING_TIME: 0.04
START_TIME: 1020_21-58-24
SUFFIX: r1_12e-5
