ALPHA: 0.01
ELAPSED_TIME: '9:53:56.350879'
EMA_REWARD: -106.66097556985744
END_TIME: 07-30_23h-42m-44s
EPISODE: 348
EPS: 1.1920928955078125e-07
EPSILON: 0.001
GAMMA: 0.99
LEARNING_RATE: 0.001
MAX_STEP: 1000
START_TIME: 0730_13-48-48
self.EPISODE_REWARD: -118.41171302047405
