ALPHA: 0.01
ELAPSED_TIME: '9:15:23.519547'
EMA_REWARD: 651.7558948743686
END_TIME: 08-27_02h-08m-38s
EPISODE: 8000
EPISODE_REWARD: 725.0091347794167
EPS: 1.1920928955078125e-07
EPSILON: 0.001
GAMMA: 0.99
LEARNING_RATE: 0.001
MAX_DONE: 20
MAX_STEP: 1000
SAMPLING_TIME: 0.08
START_TIME: 0826_16-53-15
SUFFIX: _r1_zero
