ALPHA: 0.01
ELAPSED_TIME: 2 days, 20:00:37.398296
EMA_REWARD: 116.09025129745515
END_TIME: 10-18_08h-46m-09s
EPISODE: 1200
EPSILON: 0.001
GAMMA: 0.99
LEARNING_RATE: 0.00012
MAX_DONE: 20.0
MAX_STEP: 2000
SAMPLING_TIME: 0.04
START_TIME: 1015_12-45-31
SUFFIX: r1_12e-5
