ALPHA: 0.01
ELAPSED_TIME: '0:02:10.389044'
EMA_REWARD: 10.669452729019843
END_TIME: 08-30_14h-38m-56s
EPISODE: 1
EPISODE_REWARD: 11.839978781616082
EPS: 1.1920928955078125e-07
EPSILON: 0.001
GAMMA: 0.99
LEARNING_RATE: 0.001
MAX_DONE: 20
MAX_STEP: 1000
SAMPLING_TIME: 0.08
START_TIME: 0830_14-36-46
SUFFIX: r1_1e-3
