ALPHA: 0.01
ELAPSED_TIME: '22:32:21.222850'
EMA_REWARD: 71.62482932675408
END_TIME: 09-17_12h-49m-11s
EPISODE: 0
EPSILON: 0.001
GAMMA: 0.99
LEARNING_RATE: 0.00012
MAX_DONE: 20
MAX_STEP: 1000
SAMPLING_TIME: 0.04
START_TIME: 0917_16-16-50
SUFFIX: r1_12e-5
