ALPHA: 0.01
ELAPSED_TIME: '0:05:58.647561'
EMA_REWARD: 14.074173268106277
END_TIME: 09-08_16h-05m-39s
EPISODE: 100
EPISODE_REWARD: 17.037821156948528
EPSILON: 0.001
GAMMA: 0.99
LEARNING_RATE: 0.001
MAX_DONE: 20
MAX_STEP: 1000
SAMPLING_TIME: 0.08
START_TIME: 0908_15-59-40
SUFFIX: r1
