ALPHA: 0.01
ELAPSED_TIME: 1 day, 19:14:51.890767
EMA_REWARD: 29.700774194238075
END_TIME: 08-25_12h-15m-44s
EPISODE: 1200
EPISODE_REWARD: 34.31887330592144
EPS: 1.1920928955078125e-07
EPSILON: 0.001
GAMMA: 0.99
LEARNING_RATE: 0.001
MAX_DONE: 20
MAX_STEP: 1000
SAMPLING_TIME: 0.08
START_TIME: 0823_17-00-52
SUFFIX: _test
