ALPHA: 0.01
ELAPSED_TIME: '0:30:30.316058'
EMA_REWARD: 36.943142031377214
END_TIME: 10-19_13h-17m-17s
EPISODE: 500
EPSILON: 0.001
GAMMA: 0.99
LEARNING_RATE: 0.00012
MAX_DONE: 20
MAX_STEP: 1000
SAMPLING_TIME: 0.04
START_TIME: 1019_12-46-47
SUFFIX: r1_12e-5
