ALPHA: 0.01
ELAPSED_TIME: '5:55:47.803557'
EMA_REWARD: 11906.634943521707
END_TIME: 08-25_16h-29m-56s
EPISODE: 5000
EPISODE_REWARD: 13042.05373951132
EPS: 1.1920928955078125e-07
EPSILON: 0.001
GAMMA: 0.99
LEARNING_RATE: 0.001
MAX_DONE: 20
MAX_STEP: 1000
SAMPLING_TIME: 0.08
START_TIME: 0825_10-34-08
SUFFIX: _test
