ALPHA: 0.01
ELAPSED_TIME: '2:16:59.822479'
EMA_REWARD: 11.85471216314666
END_TIME: 09-10_00h-07m-04s
EPISODE: 100
EPISODE_REWARD: 13.201253150211414
EPS: 1.1920928955078125e-07
EPSILON: 0.001
GAMMA: 0.99
LEARNING_RATE: 0.001
MAX_DONE: 20
MAX_STEP: 1000
SAMPLING_TIME: 0.04
START_TIME: 0909_21-50-04
SUFFIX: r1_1e-3
