ALPHA: 0.01
ELAPSED_TIME: '8:34:56.984186'
EMA_REWARD: 1.5908380586896171
END_TIME: 08-29_20h-30m-18s
EPISODE: 200
EPISODE_REWARD: 1.7659528456012175
EPS: 1.1920928955078125e-07
EPSILON: 0.001
GAMMA: 0.99
LEARNING_RATE: 0.001
MAX_DONE: 20
MAX_STEP: 1000
SAMPLING_TIME: 0.08
START_TIME: 0829_11-55-21
SUFFIX: _r2
