ALPHA: 0.01
ELAPSED_TIME: '14:45:41.047903'
EMA_REWARD: 10.450174079999263
END_TIME: 08-21_07h-16m-32s
EPISODE: 400
EPISODE_REWARD: 11.595707452856004
EPS: 1.1920928955078125e-07
EPSILON: 0.001
GAMMA: 0.99
LEARNING_RATE: 0.001
MAX_DONE: 20
MAX_STEP: 1000
SAMPLING_TIME: 0.08
START_TIME: 0820_16-30-51
SUFFIX: _test
