ALPHA: 0.01
ELAPSED_TIME: 5 days, 15:58:36.407041
EMA_REWARD: -900.9945786274822
END_TIME: 08-12_12h-37m-57s
EPISODE: 3795
EPISODE_REWARD: -999.9462635980746
EPS: 1.1920928955078125e-07
EPSILON: 0.001
GAMMA: 0.99
LEARNING_RATE: 0.001
MAX_STEP: 1000
START_TIME: 0806_20-39-20
