ALPHA: 0.01
ELAPSED_TIME: '14:55:00.093840'
EMA_REWARD: 564.0460313606894
END_TIME: 08-26_12h-04m-20s
EPISODE: 12700
EPISODE_REWARD: 626.7741418391861
EPS: 1.1920928955078125e-07
EPSILON: 0.001
GAMMA: 0.99
LEARNING_RATE: 0.001
MAX_DONE: 20
MAX_STEP: 1000
SAMPLING_TIME: 0.08
START_TIME: 0825_21-09-20
SUFFIX: _r1_half
