ALPHA: 0.01
ELAPSED_TIME: '0:01:51.154714'
EMA_REWARD: 0.0
END_TIME: 07-29_19h-27m-37s
EPISODE: 1
EPS: 1.1920928955078125e-07
EPSILON: 0.001
GAMMA: 0.99
LEARNING_RATE: 0.001
MAX_STEP: 1000
START_TIME: 0729_19-25-46
self.EPISODE_REWARD: 0.0
